11000011 26175.0
01010010 240.0
11001000 5722.0
10100010 36.0
11000010 2216690.0
11001010 1.0
11000000 285826.0
00010100 2.0
10110001 1.0
01000100 72078.0
00000000 2211605.0
10010000 359220.0
01100010 541423.0
11100010 2.0
01100000 360363.0
01001000 4979884.0
10000000 20549831.0
10000100 4983517.0
00110000 4260.0
00110001 3776.0
00010110 7.0
10100011 1.0
00000010 20550353.0
10011001 512.0
00100100 14528.0
10100000 13.0
10001100 3933.0
10010001 541962.0
01100101 2.0
00101001 7.0
11100001 6.0
01000010 389245564.0
10000111 5.0
01000101 27.0
00100011 5603.0
10000110 1075458.0
01001011 1.0
00001000 462524.0
01000000 20562997.0
01000001 48778624.0
01000011 2218892.0
01110001 1.0
00010010 4981597.0
01101000 1.0
00100010 71868.0
11000001 2213693.0
01000110 540677.0
11010010 2.0
00011000 14329.0
10010010 1075772.0
01011000 4.0
00001100 4256.0
10000011 2215306.0
00011001 687.0
10001010 12.0
01000111 1.0
11000110 4649.0
01110000 1.0
10001000 71762.0
00100110 699.0
10010100 4.0
01100011 4773.0
01001010 221.0
11001001 4733.0
00000001 20561460.0
00100101 3.0
00000101 11.0
11010001 2.0
11001100 14.0
01010000 14.0
10001001 541265.0
11000101 1.0
00000011 286503.0
10001011 1.0
00110010 3883.0
10011000 681.0
00011010 3.0
00001001 361545.0
00001010 13.0
11000100 5699.0
01010001 24.0
01010011 1.0
00010011 5580.0
00010001 71500.0
10000101 259.0
01100110 503.0
01100100 656.0
10100001 219.0
00000111 1.0
10100100 1.0
00100001 4981922.0
10000001 389223579.0
10010011 4622.0
01100001 1075778.0
00010000 462323.0
01101001 2.0
00000110 361108.0
10000010 48777628.0
01001100 3904.0
00000100 463281.0
00110011 9.0
00100000 463440.0
10010110 2.0
00001110 2.0
01001001 1075839.0
